Webots Project File version R2025a
perspectives: 000000ff00000000fd00000003000000000000000000000000fc0100000002fc00000000ffffffff0000000000fffffffc0200000001fb00000012005300630065006e0065005400720065006501000000000000039f0000000000000000fb0000001a0044006f00630075006d0065006e0074006100740069006f006e0000000000ffffffff000000000000000000000001000001cf00000396fc0200000001fb0000001400540065007800740045006400690074006f00720100000000000003960000008b00ffffff0000000300000451000000d1fc0100000003fb0000000e0043006f006e0073006f006c006501000000000000073f0000000000000000fc00000000000003e00000000000fffffffa000000000100000001fb0000001a0043006f006e0073006f006c00650041006c006c0041006c006c0100000000ffffffff0000000000000000fb0000001a0043006f006e0073006f006c00650041006c006c0041006c006c0100000000000004510000000000000000000004170000039600000004000000040000000100000008fc00000000
simulationViewPerspectives: 000000ff00000001000000020000013e000002bb0100000002010000000101
sceneTreePerspectives: 000000ff00000001000000030000001e000000c0000000fa0100000002010000000201
minimizedPerspectives: 000000ff00000000fd00000003000000000000016c00000469fc0200000001fb00000012005300630065006e006500540072006500650100000019000004690000018500ffffff000000010000022e0000036bfc0200000001fb0000001400540065007800740045006400690074006f007201000000190000036b000000ab00ffffff00000003000005cd000000f8fc0100000001fb0000000e0043006f006e0073006f006c00650100000172000005cd0000004e00ffffff000003990000036b00000004000000040000000100000008fc00000000
maximizedDockId: -1
centralWidgetVisible: 1
orthographicViewHeight: 1
textFiles: 1 "controllers/random_controller/random_controller.py" "controllers/webots_env.py"
renderingDevicePerspectives: vehicle:camera;1;0.5;0;0
renderingDevicePerspectives: vehicle:display;1;0.213333;0;0.464789
